0.1786137096073374
0.5072490234936409
0.26681153644846906
0.2232347319514481
0.1633400752881024
-0.05447513664469933
0.3928312464760422
0.719995209783501
0.21043198879141362
0.7459766279275533
0.4939499264871148
0.3730035709572026
0.5680812971106868
0.20334879467251377
0.2727028897817697
0.12392412835583205
0.2985783741923584
0.30578863858832134
0.4388094677083822
-0.08831253734671002
0.8805441127520621
0.17690452117693106
0.46882657766142577
0.145523171153424
0.18275680353397078
0.3681282872192827
0.24390470537517772
0.20074595777226
0.3125861870076079
0.16621280422961665
-0.10059620378997952
0.3154417528155878
0.08896710999303664
0.50800373862745
0.6739311049090149
0.3574119453111767
0.1996263285711279
0.5428130280781447
0.35068205893332977
0.32635910186860995
0.21601253199673598
-0.017260813163902877
0.20280315586171804
0.46399518577134646
0.3101317697876309
0.3785491424659755
0.7467818444364014
-0.007625558368484386
0.39323872107744107
0.2690610438425334
0.26925121790853157
0.2516778729953739
0.06125913605057437
0.2933014463773065
0.3138421341283777
0.6626592275722533
0.5635101834054119
0.12942214948186914
0.47846878455526043
0.6155634429978797
0.3320137991961515
0.5683175224266795
0.468441305967644
0.42645444615446176
0.5827906035329719
0.4636637319852016
0.43381657551892405
0.38435187704729595
0.33247448225998044
0.08099519590110776
0.2723859796124304
0.020607654368995032
0.4433908319061991
0.4853700675619659
0.4734451486686675
0.28780063092333974
0.6017916204411768
0.8640292333066164
0.36207068012270605
0.07263524477901573
0.4576027079949546
0.1591484948025657
0.45720731415999916
0.34167359954145127
0.4361026567556231
0.35627086776421346
0.3795082692936946
0.3893551716073309
0.15440188633662372
0.7331908046799221
0.20421278619840588
0.5241075390372434
0.5429391014115867
0.34224848745082703
0.2953241585946282
0.42163125172947463
0.31514468149778685
0.5838637666957842
0.4868311916811813
0.18832141261191088
0.42850101487990555
0.5068875651625867
0.20888955837626805
0.1657968605105392
0.4033456318875197
0.42963048320957653
0.19276593803270953
0.18163377039005474
0.3057307520750113
0.32090760495908016
0.2479713856505038
0.39455909569956304
0.8051983209018236
0.4044606907404378
0.2444431810096692
0.6102005541043904
0.46354050419337
0.15301351248011197
0.7442165125443068
0.3170304548282729
-0.09001403258206603
0.0907005904870713
0.12477998429018128
0.3657950445909971
0.3294661709132606
0.59585844893498
0.3912639132810781
0.2814395772177227
0.20395366530229647
0.21177824737463574
0.3654535334834707
0.2615302610881091
0.6397559779561999
0.5539315424249376
0.10205855030699212
0.14198566871409268
0.5856223698394089
0.5367994686449671
0.41101759233404334
0.42470671880566274
0.30437612609379694
0.21657906932649978
0.7482344814182795
0.513605851015988
0.304751717275882
0.44816605848256885
0.25883850570901307
0.250892374031245
0.37914490222146296
0.4385299579593328
0.5028138180162405
0.5194325340500536
0.5174169172355645
0.5757783046452455
0.9316082474565425
0.3564597035905117
0.09961188100230728
0.2095709022812589
0.4924129474663599
0.12017788370220933
0.4481791741987789
0.37930509892904585
0.4981832433831468
0.21610835183610827
0.1467122031216252
0.36576279196034966
0.47244631586450214
0.024344570240516006
0.49667308571459345
0.5212652989035922
0.09283180733948698
0.30403268819193346
0.8655428211973728
0.37694536428457676
0.9390024846389242
0.7664319849740251
0.720904047132565
0.5139817492941768
0.2056902048054272
0.4481755833192121
0.6137077709096531
0.8564043709481062
0.36214560260522943
0.05429927749911306
0.13612865988174655
0.41878173126924545
0.041963464739070366
0.5412828704334707
0.2083417467982664
0.13257600749676118
0.3020288041548459
0.7053299585581569
0.4236167702904807
0.03914731175979386
0.39461798258022607
0.04184810825615243
0.30891296877930574
0.9039541860973156
0.3476377370846605
0.3970506382212826
0.08526485744776063
0.38717565605761833
0.20568779091032374
0.2657482966502782
0.35321848904998276
0.3966672585396781
0.2917001966605627
0.33060153915907237
0.4447793099010413
0.32286051455351306
0.6106036257374481
0.368489517721696
0.24027402871311054
0.4596739537701219
0.4021813234468874
0.0906428830510414
0.2057616484668186
0.5081574038536609
0.7022951687783505
0.3424173910584535
0.9067078912071223
0.7918027910888186
0.17437855592782597
0.14249095443522797
0.48180166448487927
0.5410166746822117
0.2919484634020316
0.8730828350563449
0.35111018197251287
0.2677943949373711
0.5013184439643632
0.4506550664313045
0.49685642028804344
0.8695740086526578
0.6322901615120788
0.20874597056595473
0.4279376510616007
0.8896384972188929
0.21652250183276117
0.2635016990664628
0.06462382741960832
0.005286570909046939
0.5879690651970577
0.6421341302943425
0.4416441806268856
0.7985153811875556
0.24863278314686363
0.41012049297530073
0.43449474296341895
0.5211205229464633
0.5045735045208701
0.46338123002499954
0.08912162944775764
0.40180185124560486
0.3096505403975516
0.8048826842072347
0.4412447674691453
0.304545266503794
0.13012160495101516
0.4795607761927373
0.5172703211506975
0.49323408547760794
0.0977167145015631
0.4213214097049687
0.12569713406990674
0.48852621073014674
0.8013780656043588
0.16674115507060133
0.3119586449054591
0.4840850451961276
0.4572010536698651
0.25359102029887315
0.1387852542619219
0.027004451413760677
0.6032118332581138
0.17539741810175297
0.37778552154110945
0.36608437383926745
0.1465931556612567
0.2559089052153649
0.10557105281081719
0.18149914114480975
0.6381854917657024
0.13069858250242933
0.7466706957445615
0.29108617662366354
0.22384681598986383
0.23837294530580463
0.6019851881527281
0.2776655322652967
0.4381409929380128
0.11832623783096596
0.48150517171695506
0.2769186794684281
0.5410242028208636
0.2050769193374556
0.5991304473383068
0.04058885131264889
0.09184852251917269
0.33675067442070217
0.31389904075115604
0.21990024248569745
0.3962139927910031
0.19811415694157924
0.23181762426196734
0.14949371951434437
0.5793792870443358
0.5918261385664644
0.38571157687990354
0.18713755465547627
0.41144194336533957
0.5548116850192912
0.3020785890816895
0.3341216322128556
-0.00525473367735757
0.48826388122610515
0.3512028086266435
0.5391279502594308
0.46354356555920107
0.5442444772243339
0.46692823193517896
0.30644741554066457
0.40200816600059497
0.3922845931185541
0.6966094503782142
0.15305144948536803
0.13468479320330756
0.31514468149778685
0.591131180486308
0.842375538463787
0.33280114443761877
0.4880744122462688
0.40186515013298685
0.30741508488101277
0.15488207998456877
0.02007338456911406
-0.008043772019405593
0.5990486649007241
0.6237366243164179
0.5587348928766326
0.5168950794063991
0.5329771891111343
0.22581925293238922
0.9753520234199831
0.29046433582731335
0.5580704167933681
0.1541410338257591
0.2687291106757923
0.3684549220496851
0.488257870205397
0.23887715529046005
0.21045216450951149
0.24026730408852376
0.4997096512902407
0.2500463177929966
0.37911704900274623
0.3053258053805823
0.6760248842191878
0.22534575279464644
0.4847657219303959
0.42418310520573865
0.5769617906665817
0.3120465181942613
0.40960289793528964
0.20402661664982547
0.5916926956755655
0.6510193562164779
0.4977264433155426
0.2491850066992921
0.5049014886493496
0.17847481276162064
0.32546010483661136
0.3702092089655803
0.36421068054055294
0.28349329677737145
0.5649953618732828
0.03982443914696493
0.9478296327718744
0.10016137294615934
0.5436480264688881
0.15089694151365562
0.4503027570802053
0.9855036666531318
0.47654934665599513
0.5674856167756116
0.6986919659415525
0.3648548142476453
0.1454192341625859
0.4912802990547761
0.0640015369041988
0.7415318198656449
0.49078496775801195
0.49903231721606967
0.4927950966297894
0.5708330835506487
0.45899289156242873
0.21523454360557598
0.06160761844454582
0.31643310062103935
0.14927600825931403
0.2566824562398704
0.15738557601599384
0.08786833052309145
0.34629989704477127
0.4228311874398301
0.20163799337044352
0.6173032671748816
0.26218199404394477
0.7165110626891656
0.2783880341049091
0.5754564628267099
0.5312840054270549
0.2003269133440549
0.17730238973649376
0.25614452386929376
0.5938680286070681
0.5899796707584364
0.5045041789496754
0.712044336501191
0.22901904240500381
0.6390737645498346
0.5542978801724783
0.5250861632096907
0.15077786695058076
0.2638794776046546
0.6426918644272357
0.10407828442465433
0.3358151632148565
0.05631069777976655
0.1844892491927015
0.3817423571341678
0.41272522342647
0.2332110745944907
0.25224300259865284
0.06982732048256685
0.6248435930705639
0.20623852933383868
0.0412996923046281
0.398691603922334
0.5482012111579139
0.03698440526813823
0.1460370147649543
0.5002305544468431
0.3477268346544753
0.2564823957275977
0.298135828470649
0.2688681733555748
0.4065161624422998
0.4718650066437622
0.3815997110818473
0.4033498149702619
0.31509037353153996
0.38309473841929714
0.15806717644244578
0.023103688489959195
0.4000894804380171
0.4116082333084482
0.6956083901817154
0.4997444930309958
0.0029886286213865465
0.09164849631124444
0.43784735769319305
0.3416190985369791
0.5134885626086341
0.33167297569885446
0.4034675310590856
0.08638659193096948
0.23151322715217512
0.5250360728481951
0.8605090905314619
0.1333303815866892
0.47251201781637653
0.2765266603715599
0.4755355609669065
-0.017390769441471277
0.2736119237102266
0.3001554818585156
0.48953647882860674
0.5322119840955498
0.3892653797326857
0.5755284487388781
0.6902287514579248
0.2497288481682259
0.4539875825161659
0.42034709429130374
0.449600983539648
0.2905713456032989
0.3363124339572622
0.5530776919879161
0.24469300517254636
0.028212681338254997
0.4534550436403479
0.6962894787639338
0.513615874389931
-0.04989851511423543
0.1491098976942749
0.7281408918487402
0.2993176820572325
0.7026910339654273
0.9210426700715189
0.4866542019375444
0.2531460353685112
0.05672445591801051
0.38071869652608437
0.02167322276661038
0.28624133643426775
0.004005228815442408
0.09407366364983805
0.3677933278332294
0.39864839469232993
0.34316911169737563
0.3065353275032
0.20481539150407707
0.3734531576348434
0.7314436142965817
0.19285859080638207
0.38435187704729595
0.5770725401088785
0.4419830317508173
0.5140940841729125
0.7423141109213236
0.36646744173229134
0.40535437498834814
0.4400194957416415
0.07341232091247674
0.5636169632936912
0.11800425797448072
0.12964177620739364
0.3589489568950799
0.6186927204674777
0.24142607536307903
0.18896209745959325
0.3385327220059755
0.5199931411266459
0.3030239758284436
0.4145885902183282
0.8416600310243803
0.41592981393121586
0.3548410332486286
0.11253756065908577
0.028888744217744677
0.3403636439293377
0.2977253941493394
0.39292344410226604
0.15346869933393498
0.43552275322596495
0.2029682711779897
0.6165603034428182
0.29547179013788094
0.448060618175965
0.2676643883785297
0.6861540132843819
0.34959613476705553
0.37074335737582
0.15700365647424946
0.5229812060029426
0.18732790430707924
0.5096825510263101
0.4609947249097487
0.26535274430024774
0.7008090593232034
0.5695949703834153
0.6145243548162933
0.18658543779691233
0.0737711444435541
0.5177084465171642
0.39099268772316276
0.7976321205623433
0.6558535500427468
0.14062402900360277
0.46805463216388815
0.4074112198865485
0.20459223955541933
0.3997362356094437
0.1280565059597808
0.7405312170492965
0.6391748974429243
0.5724065020381177
0.18854862765740332
0.23246197278808353
-0.03782153358385815
0.2378034573195107
0.540023907890105
0.423877024356645
0.6748882952397517
0.5389586759972014
0.5981151340580574
0.34882572187070326
0.26530634254593755
0.4885803422131929
0.5373216895236772
0.09533702380674502
0.601423449579896
0.11832623783096596
0.5124206373219982
0.16918069736788338
0.2518636582683174
-0.06748836461214208
0.2399347880983638
0.05835956769202061
0.09287800965757026
0.7060420715492518
0.27936441257481215
0.47715272379527035
0.46662829100557557
0.4189253823869783
0.27435394821291614
0.24771938561954246
0.3459187644253673
0.6107818468408744
0.779296011528342
0.4053790837916411
0.45245701128125776
0.29974569936164036
0.7006617104397956
0.5090676290282853
0.2966995485327577
0.8646009556422625
0.33191741488131854
0.5159843556524959
0.41241608640758476
0.43289799748633906
0.4989401975036606
0.4860678788217474
0.2641765614813694
0.2102380912951881
0.24866857498618306
0.83444498025305
0.5294502927394505
0.59883483983627
0.5168512645267203
0.7637518887743884
0.2611731868759241
0.3251717493408408
0.22958267611453942
0.5909569908763261
0.41123695557121265
0.8191485639505416
0.22387406509469931
0.3094519407340701
0.030301716590677652
0.5683219319765487
0.8530968234079781
0.2234132532318342
0.38176950569422013
0.2679899431641708
0.7115824355189291
0.42215582560271975
0.5839700910470176
0.5687551540169634
0.6030601618933273
0.9232498623838086
0.19165381144404853
0.47995757150323515
0.20781623188958592
0.32361202287398605
0.4605391759985298
0.31785876525612267
0.8253288475319314
0.6244743921330252
0.16900295364758128
0.24769170732783966
0.4870175845200433
0.44224798204671734
0.4735534580136278
0.12181786621059659
0.2555420380488993
0.5065756727928685
0.537107916771938
0.4167620709528421
0.8049697493332324
0.5154419826873807
0.6853015578266404
0.2865292728719663
0.666153698322032
0.3945578802504348
0.1372567180582614
0.20132814361671564
0.08406812114831114
0.5055854561709138
0.27958028061681295
0.23144620381809658
0.4123048160467317
0.2967910608267622
0.1534652221241976
0.3515660746808891
0.7223153974544974
0.14616226817550299
0.41381262363072946
0.3913920703099446
0.15202903538089257
0.24660700345092257
0.13998906816910373
0.48722938824600515
0.8138532932461402
0.394298669320709
0.4464511968820777
0.17370882962526196
0.6681081457499157
0.6803627853595924
0.265205560907671
0.3255105586761331
0.16969830086712756
0.11588648394342532
0.5439930868654321
0.29674302807986114
0.3614237401226622
0.8754542967536061
0.41308527891587277
0.20204181732026394
0.4388475031806758
0.33011332440500585
0.5377235252005748
0.12098859821279145
0.6891957429271298
0.20458426994881745
0.1339281814749343
0.5654224648590549
0.25802297849387307
0.22027738351441212
0.3788711045198562
0.07599319611743943
0.5026360482882863
0.2540074103974096
0.47087591944938156
0.08676090345295512
0.3697912170252608
0.3082475394935965
0.38975503543501955
0.7418188443529596
0.2681495627176981
0.41852783032251484
0.4302278074470549
0.5730843307377594
0.6005703295330763
0.37366888812416355
0.12588532187181128
0.33768880912677224
0.04643788033649893
0.47376145190501573
0.30152003099933655
0.6926860735909304
0.39234216928741417
0.2882496933068934
0.2812825975838258
0.0881464095749585
0.457553368443553
0.6182079641448013
0.08689915559500622
0.45304617407739345
0.4012235599365137
0.5148137938252922
0.6546425176034119
0.2736367821915957
0.2952381323696006
0.4745315668863137
-0.02352379446834052
0.5738848217805924
0.6221900489843866
0.15692375248277796
0.5165194569347344
0.6994590151641531
0.06339289955686961
0.7681542919102886
0.47197394784064883
0.3198287932861108
0.5793792870443358
0.4833607606915674
0.4394064151380674
0.12665026669669305
0.558252610512354
0.1619019908058365
0.5235151130297481
0.2606999071228895
0.743247087317203
0.3202614225822626
0.32756462478939274
0.2620175556871529
0.15470017070895342
0.11219185944164761
0.3768756818609854
0.0798262405493429
0.17175963783014664
0.6521089642443737
0.4100002014221682
0.24081167003001455
0.15923222892202343
0.533781780560389
0.6862624205406829
0.2970436667705598
0.4185844451087215
0.7523436065341087
0.5675438296914233
-0.09016760130186902
0.14749421893229375
0.507063889686428
0.18165016092619546
0.47914655629618325
0.20212351561544917
0.5339413791805161
0.37365996998704176
0.4200884289689665
0.17366083408996974
0.1362689449759677
0.05685542715227626
-0.0888459777675778
0.31089010622697355
0.6169738100558482
0.3068988528961683
0.30940979914129885
0.4546505512369692
0.28487170430005126
0.6302151118033854
0.07227633996528321
0.4455643257459575
0.6066885686037012
